#
#
#  Percent Identity  Matrix - created by Clustal2.1 
#
#

     1: Ningiella.ruwaisensis             100.00   19.23   25.70   19.65   15.49   18.18   21.23   13.89   12.70   19.21   20.16   21.49   23.14   23.14   20.68   22.18   20.68   21.01   21.63   22.31   20.75
     2: Cyclobacterium.plantarum           19.23  100.00   25.33   19.20   17.81   17.59   26.09   19.75   18.91   20.98   21.78   24.44   24.44   23.56   23.56   23.25   23.89   24.67   26.36   24.47   22.78
     3: Thermus.thermophilus               25.70   25.33  100.00   22.71   21.88   22.94   25.99   18.62   19.03   22.71   23.21   24.15   23.73   22.88   27.23   27.43   25.11   25.96   25.94   25.32   24.58
     4: Alteribacter.aurantiacus           19.65   19.20   22.71  100.00   51.53   52.21   27.98   25.86   23.71   30.08   30.00   30.00   32.61   31.30   33.19   32.76   33.62   32.89   30.47   33.91   32.19
     5: Bacillus.coahuilensis              15.49   17.81   21.88   51.53  100.00   58.30   30.95   24.55   24.55   30.70   31.11   31.11   33.78   31.56   31.25   32.44   33.33   32.89   30.22   32.44   32.44
     6: Alkalihalobacillus.hwajinpoensis   18.18   17.59   22.94   52.21   58.30  100.00   28.14   21.72   19.46   27.88   27.85   29.68   31.05   30.59   30.28   29.41   34.25   32.42   26.58   31.53   29.28
     7: GeneX                              21.23   26.09   25.99   27.98   30.95   28.14  100.00   64.09   64.09   36.90   30.64   31.98   31.98   31.98   34.88   36.42   33.72   33.72   33.72   36.42   36.63
     8: Aureobasidium.melanogenum          13.89   19.75   18.62   25.86   24.55   21.72   64.09  100.00   89.67   28.39   24.69   26.03   27.46   27.27   29.17   28.51   28.57   28.15   26.05   28.79   29.30
     9: Aureobasidium.pullulans            12.70   18.91   19.03   23.71   24.55   19.46   64.09   89.67  100.00   25.85   23.87   25.21   26.64   26.45   27.50   28.10   27.31   27.31   25.29   27.63   28.91
    10: Ktedonobacter.robiniae             19.21   20.98   22.71   30.08   30.70   27.88   36.90   28.39   25.85  100.00   33.05   32.19   36.32   36.05   41.13   38.36   39.74   39.47   33.76   35.44   35.02
    11: Halomicroarcula.salinisoli         20.16   21.78   23.21   30.00   31.11   27.85   30.64   24.69   23.87   33.05  100.00   87.60   67.20   69.20   60.08   55.14   55.83   54.81   48.77   47.35   49.59
    12: Haloarcula.mannanilytica           21.49   24.44   24.15   30.00   31.11   29.68   31.98   26.03   25.21   32.19   87.60  100.00   69.20   70.40   59.26   54.55   56.25   55.65   50.82   47.95   50.00
    13: Haloplanus.rallus                  23.14   24.44   23.73   32.61   33.78   31.05   31.98   27.46   26.64   36.32   67.20   69.20  100.00   86.00   59.26   60.74   61.67   59.41   47.97   49.59   51.63
    14: Natronomonas.gomsonensis           23.14   23.56   22.88   31.30   31.56   30.59   31.98   27.27   26.45   36.05   69.20   70.40   86.00  100.00   60.49   59.92   60.00   60.67   47.95   49.18   53.69
    15: Salinigranum.halophilum            20.68   23.56   27.23   33.19   31.25   30.28   34.88   29.17   27.50   41.13   60.08   59.26   59.26   60.49  100.00   67.77   67.50   66.95   52.48   55.37   54.96
    16: Salinigranum.salinum               22.18   23.25   27.43   32.76   32.44   29.41   36.42   28.51   28.10   38.36   55.14   54.55   60.74   59.92   67.77  100.00   68.88   70.42   53.09   54.10   55.56
    17: Halogranum.amylolyticum            20.68   23.89   25.11   33.62   33.33   34.25   33.72   28.57   27.31   39.74   55.83   56.25   61.67   60.00   67.50   68.88  100.00   77.50   52.50   56.67   56.25
    18: Natrinema.pallidum                 21.01   24.67   25.96   32.89   32.89   32.42   33.72   28.15   27.31   39.47   54.81   55.65   59.41   60.67   66.95   70.42   77.50  100.00   52.08   51.88   51.46
    19: Halobacterium.salinarum            21.63   26.36   25.94   30.47   30.22   26.58   33.72   26.05   25.29   33.76   48.77   50.82   47.97   47.95   52.48   53.09   52.50   52.08  100.00   56.59   56.98
    20: Halorubrum.sodomense               22.31   24.47   25.32   33.91   32.44   31.53   36.42   28.79   27.63   35.44   47.35   47.95   49.59   49.18   55.37   54.10   56.67   51.88   56.59  100.00   89.15
    21: Halorubrum.trapanicum              20.75   22.78   24.58   32.19   32.44   29.28   36.63   29.30   28.91   35.02   49.59   50.00   51.63   53.69   54.96   55.56   56.25   51.46   56.98   89.15  100.00
