#
#
#  Percent Identity  Matrix - created by Clustal2.1 
#
#

     1: Ningiella.ruwaisensis             100.00   20.35   25.94   17.13   16.33   15.54   20.09   15.93   20.00   20.35   22.13   23.08   23.93   22.65   22.17   22.41   21.30   22.61   22.41   22.31   21.16
     2: Cyclobacterium.plantarum           20.35  100.00   28.76   21.67   22.69   21.01   18.75   17.89   17.67   22.81   22.91   25.55   25.11   25.55   24.12   23.45   23.11   24.55   24.58   23.43   21.76
     3: Thermus.thermophilus               25.94   28.76  100.00   24.39   19.92   19.92   22.57   23.32   22.58   23.58   23.18   24.57   24.57   24.57   28.02   25.97   24.45   25.44   26.29   25.86   25.86
     4: GeneX                              17.13   21.67   24.39  100.00   55.00   53.82   25.11   27.80   25.91   32.77   28.10   29.05   27.57   27.39   31.80   31.12   30.38   30.80   28.46   30.08   30.20
     5: Aureobasidium.melanogenum          16.33   22.69   19.92   55.00  100.00   88.33   25.97   25.56   23.18   29.36   26.56   28.33   28.51   28.75   30.54   29.05   27.85   28.27   26.64   27.84   28.74
     6: Aureobasidium.pullulans            15.54   21.01   19.92   53.82   88.33  100.00   23.81   25.56   21.36   28.09   26.03   27.39   27.57   27.80   28.87   28.22   26.16   27.43   26.15   25.39   27.06
     7: Alteribacter.aurantiacus           20.09   18.75   22.57   25.11   25.97   23.81  100.00   51.97   52.21   30.47   30.00   30.43   33.48   31.74   31.74   33.33   34.20   32.47   31.17   33.77   32.03
     8: Bacillus.coahuilensis              15.93   17.89   23.32   27.80   25.56   25.56   51.97  100.00   58.30   30.84   31.25   31.25   33.93   31.70   30.80   32.44   32.89   32.89   30.22   32.44   32.44
     9: Alkalihalobacillus.hwajinpoensis   20.00   17.67   22.58   25.91   23.18   21.36   52.21   58.30  100.00   27.11   28.05   29.41   30.77   30.32   29.86   28.38   33.78   31.53   26.13   31.08   28.83
    10: Ktedonobacter.robiniae             20.35   22.81   23.58   32.77   29.36   28.09   30.47   30.84   27.11  100.00   31.91   32.34   36.44   36.60   40.17   39.06   39.22   39.39   34.18   37.02   36.60
    11: Halomicroarcula.salinisoli         22.13   22.91   23.18   28.10   26.56   26.03   30.00   31.25   28.05   31.91  100.00   87.60   67.60   69.20   60.08   54.96   56.07   55.04   49.59   49.17   51.24
    12: Haloarcula.mannanilytica           23.08   25.55   24.57   29.05   28.33   27.39   30.43   31.25   29.41   32.34   87.60  100.00   69.60   70.40   59.26   54.36   56.49   55.88   52.05   50.00   52.07
    13: Haloplanus.rallus                  23.93   25.11   24.57   27.57   28.51   27.57   33.48   33.93   30.77   36.44   67.60   69.60  100.00   86.40   59.26   58.92   61.51   59.66   48.37   49.38   51.44
    14: Natronomonas.gomsonensis           22.65   25.55   24.57   27.39   28.75   27.80   31.74   31.70   30.32   36.60   69.20   70.40   86.40  100.00   60.49   59.34   61.51   62.18   47.95   50.00   54.13
    15: Salinigranum.halophilum            22.17   24.12   28.02   31.80   30.54   28.87   31.74   30.80   29.86   40.17   60.08   59.26   59.26   60.49  100.00   66.12   67.50   66.95   52.89   55.42   55.00
    16: Salinigranum.salinum               22.41   23.45   25.97   31.12   29.05   28.22   33.33   32.44   28.38   39.06   54.96   54.36   58.92   59.34   66.12  100.00   68.05   69.29   53.50   54.81   56.07
    17: Halogranum.amylolyticum            21.30   23.11   24.45   30.38   27.85   26.16   34.20   32.89   33.78   39.22   56.07   56.49   61.51   61.51   67.50   68.05  100.00   77.50   52.92   56.72   56.30
    18: Natrinema.pallidum                 22.61   24.55   25.44   30.80   28.27   27.43   32.47   32.89   31.53   39.39   55.04   55.88   59.66   62.18   66.95   69.29   77.50  100.00   52.50   52.32   51.90
    19: Halobacterium.salinarum            22.41   24.58   26.29   28.46   26.64   26.15   31.17   30.22   26.13   34.18   49.59   52.05   48.37   47.95   52.89   53.50   52.92   52.50  100.00   57.36   57.75
    20: Halorubrum.sodomense               22.31   23.43   25.86   30.08   27.84   25.39   33.77   32.44   31.08   37.02   49.17   50.00   49.38   50.00   55.42   54.81   56.72   52.32   57.36  100.00   89.15
    21: Halorubrum.trapanicum              21.16   21.76   25.86   30.20   28.74   27.06   32.03   32.44   28.83   36.60   51.24   52.07   51.44   54.13   55.00   56.07   56.30   51.90   57.75   89.15  100.00
